                                Constant values
                                constants  Mon Mar 30 00:00:00 UTC 2026
--------------------------------------------------------------------------------
Index   rbase_vals      rdis_vals       rbe_vals        cycle_lows      
--------------------------------------------------------------------------------
0	2.200000e+03	2.200000e+02	4.700000e+04	8.630514e-01	
1	2.200000e+03	2.200000e+02	1.000000e+05	8.622476e-01	
2	2.200000e+03	2.200000e+02	1.000000e+06	8.615583e-01	
3	2.200000e+03	3.300000e+02	4.700000e+04	8.580901e-01	
4	2.200000e+03	3.300000e+02	1.000000e+05	8.582227e-01	
5	2.200000e+03	3.300000e+02	1.000000e+06	8.474877e-01	
6	2.200000e+03	1.000000e+03	4.700000e+04	8.271477e-01	
7	2.200000e+03	1.000000e+03	1.000000e+05	8.375566e-01	
8	2.200000e+03	1.000000e+03	1.000000e+06	8.175971e-01	
9	4.700000e+03	2.200000e+02	4.700000e+04	8.480695e-01	
10	4.700000e+03	2.200000e+02	1.000000e+05	8.564029e-01	
11	4.700000e+03	2.200000e+02	1.000000e+06	8.552413e-01	
12	4.700000e+03	3.300000e+02	4.700000e+04	8.573335e-01	
13	4.700000e+03	3.300000e+02	1.000000e+05	8.637955e-01	
14	4.700000e+03	3.300000e+02	1.000000e+06	8.630701e-01	
15	4.700000e+03	1.000000e+03	4.700000e+04	8.453401e-01	
16	4.700000e+03	1.000000e+03	1.000000e+05	8.447668e-01	
17	4.700000e+03	1.000000e+03	1.000000e+06	8.472353e-01	
18	1.000000e+08	2.200000e+02	4.700000e+04	1.959170e+00	
19	1.000000e+08	2.200000e+02	1.000000e+05	1.959171e+00	
20	1.000000e+08	2.200000e+02	1.000000e+06	1.959190e+00	
21	1.000000e+08	3.300000e+02	4.700000e+04	1.959170e+00	
22	1.000000e+08	3.300000e+02	1.000000e+05	1.959171e+00	
23	1.000000e+08	3.300000e+02	1.000000e+06	1.959190e+00	
24	1.000000e+08	1.000000e+03	4.700000e+04	1.959170e+00	
25	1.000000e+08	1.000000e+03	1.000000e+05	1.959171e+00	
26	1.000000e+08	1.000000e+03	1.000000e+06	1.959190e+00	

                                Constant values
                                constants  Mon Mar 30 00:00:00 UTC 2026
--------------------------------------------------------------------------------
Index   cycle_highs     periods         freqs           qbase_highs     
--------------------------------------------------------------------------------
0	9.806217e-01	2.359314e-04	4.238520e+03	8.301924e-01	
1	9.805592e-01	2.377525e-04	4.206055e+03	8.303752e-01	
2	9.806051e-01	2.395699e-04	4.174147e+03	8.305227e-01	
3	9.806405e-01	2.284256e-04	4.377793e+03	8.205835e-01	
4	9.806230e-01	2.305549e-04	4.337362e+03	8.155348e-01	
5	9.806526e-01	2.399422e-04	4.167670e+03	8.067985e-01	
6	9.806280e-01	2.633062e-04	3.797860e+03	7.783195e-01	
7	9.804204e-01	2.469523e-04	4.049365e+03	7.740431e-01	
8	9.806350e-01	2.585226e-04	3.868134e+03	7.792864e-01	
9	9.806591e-01	2.456232e-04	4.071277e+03	8.114310e-01	
10	9.804177e-01	2.456793e-04	4.070347e+03	8.063675e-01	
11	9.802872e-01	2.499143e-04	4.001372e+03	8.065947e-01	
12	9.806382e-01	2.331783e-04	4.288564e+03	7.755742e-01	
13	9.806620e-01	2.384692e-04	4.193414e+03	7.758227e-01	
14	9.806245e-01	2.405440e-04	4.157244e+03	7.760053e-01	
15	9.803861e-01	2.163562e-04	4.622008e+03	7.257698e-01	
16	9.804230e-01	2.164095e-04	4.620869e+03	7.261384e-01	
17	9.804230e-01	2.164128e-04	4.620799e+03	7.262837e-01	
18	5.649142e+00	1.000000e+00	1.000000e+00	2.531510e-03	
19	5.649142e+00	1.000000e+00	1.000000e+00	5.383423e-03	
20	5.649157e+00	1.000000e+00	1.000000e+00	5.336874e-02	
21	5.649142e+00	1.000000e+00	1.000000e+00	2.531510e-03	
22	5.649142e+00	1.000000e+00	1.000000e+00	5.383423e-03	
23	5.649157e+00	1.000000e+00	1.000000e+00	5.336874e-02	
24	5.649142e+00	1.000000e+00	1.000000e+00	2.531510e-03	
25	5.649142e+00	1.000000e+00	1.000000e+00	5.383423e-03	
26	5.649157e+00	1.000000e+00	1.000000e+00	5.336874e-02	

                                Constant values
                                constants  Mon Mar 30 00:00:00 UTC 2026
--------------------------------------------------------------------------------
Index   qcol_lows       stable_flags    
--------------------------------------------------------------------------------
0	1.485254e-01	1.000000e+00	
1	1.483833e-01	1.000000e+00	
2	1.483134e-01	1.000000e+00	
3	1.060926e-01	1.000000e+00	
4	1.073821e-01	1.000000e+00	
5	1.169042e-01	1.000000e+00	
6	7.867363e-02	1.000000e+00	
7	8.114221e-02	1.000000e+00	
8	7.829634e-02	1.000000e+00	
9	1.644926e-01	1.000000e+00	
10	1.722749e-01	1.000000e+00	
11	1.720872e-01	1.000000e+00	
12	1.410395e-01	1.000000e+00	
13	1.408456e-01	1.000000e+00	
14	1.407003e-01	1.000000e+00	
15	9.173466e-02	1.000000e+00	
16	9.162957e-02	1.000000e+00	
17	9.171688e-02	1.000000e+00	
18	1.959169e+00	0.000000e+00	
19	1.959170e+00	0.000000e+00	
20	1.959189e+00	0.000000e+00	
21	1.959168e+00	0.000000e+00	
22	1.959169e+00	0.000000e+00	
23	1.959189e+00	0.000000e+00	
24	1.959165e+00	0.000000e+00	
25	1.959166e+00	0.000000e+00	
26	1.959186e+00	0.000000e+00	
