                                Constant values
                                constants  Mon Mar 30 00:00:00 UTC 2026
--------------------------------------------------------------------------------
Index   rhyst_vals      rbase_vals      cycle_lows      cycle_highs     
--------------------------------------------------------------------------------
0	1.000000e+06	2.200000e+03	0.000000e+00	0.000000e+00	
1	1.000000e+06	4.700000e+03	0.000000e+00	0.000000e+00	
2	1.000000e+06	1.000000e+04	0.000000e+00	0.000000e+00	
3	2.200000e+06	2.200000e+03	0.000000e+00	0.000000e+00	
4	2.200000e+06	4.700000e+03	0.000000e+00	0.000000e+00	
5	2.200000e+06	1.000000e+04	0.000000e+00	0.000000e+00	
6	4.700000e+06	2.200000e+03	7.602705e-01	9.805590e-01	
7	4.700000e+06	4.700000e+03	7.876297e-01	9.805283e-01	
8	4.700000e+06	1.000000e+04	7.902777e-01	9.805053e-01	

                                Constant values
                                constants  Mon Mar 30 00:00:00 UTC 2026
--------------------------------------------------------------------------------
Index   periods         freqs           
--------------------------------------------------------------------------------
0	1.000000e+00	1.000000e+00	
1	1.000000e+00	1.000000e+00	
2	1.000000e+00	1.000000e+00	
3	1.000000e+00	1.000000e+00	
4	1.000000e+00	1.000000e+00	
5	1.000000e+00	1.000000e+00	
6	4.483950e-04	2.230177e+03	
7	3.923480e-04	2.548758e+03	
8	3.883648e-04	2.574899e+03	
